Results for the chain A of the protein 2aak
begin	end	size	PI	sigma	k	significant
1   	18  	18  	0.512	0.308	4.43 	PS 
1   	19  	19  	0.532	0.297	4.466	PS 
1   	20  	20  	0.54 	0.298	4.522	PS 
1   	21  	21  	0.53 	0.312	4.499	PS 
1   	22  	22  	0.523	0.323	4.445	PS 
1   	23  	23  	0.503	0.347	4.399	PS 
2   	18  	17  	0.487	0.329	4.472	PS 
2   	19  	18  	0.508	0.317	4.507	PS 
2   	20  	19  	0.517	0.317	4.564	PS 
2   	21  	20  	0.508	0.331	4.538	PS 
2   	22  	21  	0.502	0.341	4.479	PS 
2   	23  	22  	0.483	0.365	4.43 	PS 
2   	41  	40  	0.496	0.462	5.073	P  
3   	20  	18  	0.485	0.34 	4.503	PS 
3   	21  	19  	0.477	0.354	4.478	PS 
3   	41  	39  	0.478	0.48 	5.053	P  
114 	150 	37  	0.489	0.456	4.955	P  
115 	148 	34  	0.482	0.456	4.986	P  
115 	149 	35  	0.487	0.453	4.986	P  
115 	150 	36  	0.501	0.438	4.98 	P  
116 	148 	33  	0.488	0.446	5.025	P  
116 	149 	34  	0.494	0.443	5.024	P  
116 	150 	35  	0.508	0.428	5.017	P  
117 	148 	32  	0.491	0.437	5.003	P  
117 	149 	33  	0.497	0.435	5.003	P  
117 	150 	34  	0.512	0.42 	4.996	P  
118 	148 	31  	0.487	0.437	4.985	P  
118 	149 	32  	0.493	0.434	4.986	P  
118 	150 	33  	0.508	0.419	4.98 	P  
119 	150 	32  	0.491	0.433	4.907	P  
120 	150 	31  	0.486	0.435	4.934	P  
121 	149 	29  	0.477	0.44 	4.965	P  
121 	150 	30  	0.493	0.424	4.958	P  
122 	150 	29  	0.493	0.419	4.921	P  
123 	148 	26  	0.487	0.413	4.953	P  
123 	149 	27  	0.494	0.409	4.955	P  
123 	150 	28  	0.512	0.393	4.949	P  
124 	148 	25  	0.497	0.395	4.938	P  
124 	149 	26  	0.504	0.391	4.941	P  
124 	150 	27  	0.523	0.375	4.934	P  
