begin	size	PI	sigma	k
1	10	0.4885995213243895	0.20949641140776268	4.133138620730477	
1	11	0.54094960535114	0.18956177544166966	4.2687971798762625	
1	12	0.5617360955935312	0.18332823527761466	4.341430417722771	
1	13	0.5721568671450191	0.18079951953106876	4.332510633420022	
1	14	0.5868889966985215	0.1782934857020582	4.410741986082203	
2	10	0.46972463708145806	0.22068846727498245	4.214848296297448	
2	11	0.5238277830161205	0.1992051635138417	4.348768367557254	
2	12	0.5454868419668601	0.19241579003375428	4.420969582896349	
2	13	0.5565595164365408	0.18947149920208814	4.407135298519792	
2	14	0.5721151378743029	0.18659109106209681	4.485555846616316	
2	15	0.5082852230211117	0.36340810431653997	5.162619155575464	
3	10	0.45898191511529857	0.22349903005287863	4.262898233981475	
3	11	0.515815121507284	0.2007361579988374	4.399329047746315	
3	12	0.5385944636069326	0.19353102505824016	4.472881230571532	
3	13	0.5503257657045952	0.19031288978671013	4.455179024636285	
3	14	0.5667193729275355	0.18719314121971703	4.535283735379937	
3	15	0.5061988881524365	0.36433702546931046	5.20379947227429	
4	10	0.4380048596499798	0.2273321837944378	4.170283792392788	
4	11	0.49928569425956737	0.20305850439789971	4.329564170099716	
4	12	0.5239440634392379	0.19536271201697972	4.412650893965971	
4	13	0.5368322452268495	0.19181650176085005	4.397600532893785	
4	14	0.5546783515914744	0.18841590035697725	4.485763795405612	
4	15	0.501341098100527	0.36587249466319505	5.197882856704247	
5	10	0.42793716530774195	0.22060314281736407	4.062230071274471	
5	11	0.4951635789276763	0.19528898095125313	4.250269546313001	
5	12	0.5220618538961312	0.18733650767042478	4.344922509272881	
5	13	0.5361127977529124	0.18369111010433226	4.333370788990277	
5	14	0.5553960018877432	0.18023017810440733	4.43094675925809	
5	15	0.5005385176948213	0.36208361464573374	5.183387358338509	
16	10	0.36809148838740846	0.4289422754886736	4.5051124246137615	
16	11	0.4061546316754277	0.4079484993730005	4.584404172496158	
16	12	0.42646667007624034	0.39991129433335254	4.547283992367176	
16	13	0.47694683665428694	0.3609907076211189	4.61730414877257	
16	14	0.4931545329806332	0.3472035011000858	4.630518302160432	
16	15	0.4816369060157739	0.35865946241225194	4.542137644588367	
18	10	0.3605299667101292	0.4314149765668646	4.584117925496698	
18	11	0.4009829859699999	0.4082721773447138	4.657578616889174	
18	12	0.42271707638377776	0.39899528669444123	4.608621722631348	
18	13	0.47515978496357913	0.3584923262295475	4.675633004515292	
18	14	0.49190848594936265	0.34428830119340337	4.687961031542956	
18	15	0.4801632736673406	0.35585192324007336	4.5932505349093775	
19	10	0.3525493522876162	0.43506445313203307	4.58199144755103	
19	11	0.3946505054894349	0.41056131586545264	4.658604699855161	
19	12	0.41743102660948184	0.40048157637918413	4.60787909805031	
19	13	0.471095349438204	0.35903102105133694	4.676948667587148	
19	14	0.48815721168764964	0.3445836610048131	4.689591333584968	
19	15	0.4763488347434632	0.3561846225181527	4.592204703610218	
20	10	0.34420888799272437	0.44107467323941946	4.607368560270278	
20	11	0.38782592800978727	0.41493647076795864	4.682986003837716	
20	12	0.41159495441040383	0.4038751467640493	4.627148304854216	
20	13	0.46632506538579815	0.36132924295045066	4.695975230218434	
20	14	0.4836492617095985	0.3466059764592102	4.708430134550538	
20	15	0.47182169334248675	0.35822555675442586	4.607722777921113	
21	10	0.33465423501339486	0.4443592352879503	4.576167698180134	
21	11	0.38039409369195826	0.41662907061639054	4.6601360028352	
21	12	0.4054942728932575	0.40466514450658403	4.605568386002283	
21	13	0.4617627038098938	0.36108695244517997	4.679243642634827	
21	14	0.4794807264130974	0.34610216789061654	4.692582986115638	
21	15	0.46757047199240004	0.35776749131149643	4.589379740605771	
41	10	0.6663166991991953	0.08580284718928069	3.8050255097646555	
41	11	0.7329056990977749	0.06739727258428442	3.90610749774296	
41	12	0.6723645747588896	0.08851017850296738	3.7019355334386668	
41	13	0.47251151059371443	0.3087802287851208	4.240156009969452	
41	14	0.46374830073922435	0.33654973254127535	4.3183502521568915	
41	15	0.45160749116810645	0.3557875418173185	4.336902139856919	
41	16	0.3742479182611186	0.48692777699910944	4.404979609141857	
45	10	0.6859979972910637	0.06590987115495585	3.5174814173933626	
45	11	0.4526802766794881	0.30773392811889383	4.216648568630001	
45	12	0.44669674352775257	0.3357049499713036	4.308529883566419	
45	13	0.4349358473598495	0.3555069827801174	4.329979225130014	
45	14	0.35974282904492016	0.48992087947423385	4.407019202510392	
45	15	0.36122057573492955	0.5003753680674128	4.446703016531877	
45	16	0.3694775190176129	0.49529027170605167	4.4787068988138214	
49	10	0.384621323905572	0.3432072247771347	3.995739120327886	
49	11	0.3877002652664081	0.3693531126910199	4.130547449322345	
49	12	0.3787580905706907	0.38924740706451494	4.162547979839103	
49	13	0.31655230610821344	0.5245997483094117	4.281934298462104	
49	14	0.3205829508232488	0.5336900731257361	4.334007028589941	
49	15	0.3298803288534985	0.5275352891005315	4.373090365172825	
49	16	0.34326833534265894	0.5183257333367663	4.39286311635561	
49	17	0.35274360337303823	0.5150357159795139	4.470974470230233	
49	18	0.37778124791094136	0.4997266372691588	4.636113515779826	
53	10	0.3715409450727021	0.34373437616831726	4.232215816089905	
53	11	0.3782319809189911	0.36909987652908866	4.358514291946565	
53	12	0.3697118472037138	0.3895949211658341	4.385754597519029	
53	13	0.3093294749215205	0.5284873233849507	4.473226285704102	
53	14	0.31457428602557747	0.53657599610271	4.519288728667329	
53	15	0.3246547120744729	0.5294477368229709	4.557407092899594	
53	16	0.33921314810797876	0.5186264304412067	4.568131638197267	
53	17	0.3495039631334587	0.5146664722061465	4.650399867175392	
53	18	0.37626264796050224	0.49777994212811166	4.824159065409234	
53	19	0.3911993998884957	0.48836297325922085	4.929709686025301	
53	20	0.3992754136121899	0.4823751412824113	4.944538517347792	
54	10	0.3800741424046305	0.3379612459800994	4.434507067163458	
54	11	0.3861066889160668	0.36340401833971986	4.535512106231306	
54	12	0.3770884398629045	0.38416929361782115	4.555264536359668	
54	13	0.31453149475823805	0.5245269238031078	4.606982841535958	
54	14	0.31974198641969814	0.5324470384301566	4.645136328654701	
54	15	0.32993155196075663	0.5250989710638215	4.680229546062457	
54	16	0.34462680597369955	0.5139306487945073	4.6833760150692205	
54	17	0.3550035897652773	0.5098340078607523	4.764613739408492	
54	18	0.38201910449570536	0.4926051662408196	4.936765039156736	
54	19	0.39709315074250795	0.4830245387993658	5.042114078233163	
54	20	0.4052314333305684	0.4769195546840596	5.05423247729297	
54	21	0.4445255869355597	0.443202150536583	5.167114191667461	
55	10	0.3567878635413294	0.3535007706901788	4.389568354768709	
55	11	0.36653109885026275	0.37747505500652934	4.5036733877537065	
55	12	0.35868970896590996	0.398097635276601	4.526141076997506	
55	13	0.30113873866416546	0.5380309527569039	4.58654766102611	
55	14	0.30630523710697477	0.546205064919425	4.621337740734598	
55	15	0.3166900326318932	0.5385017300201842	4.657692988452714	
55	16	0.33188130722728504	0.526524652322864	4.662271585960624	
55	17	0.3426368690278478	0.5220675186951288	4.746802570809888	
55	18	0.3703049435223897	0.5040763417689109	4.9252417735625995	
55	19	0.3857090937310853	0.4941362956964465	5.034027853216739	
55	20	0.3940598490205588	0.487729151495971	5.046723442945931	
55	21	0.4339500377294142	0.4530490585388859	5.163168511377894	
70	10	0.13206548940973584	0.5325049223723363	2.875274955361963	
70	11	0.1362158008021201	0.5579083938215501	2.912299931980902	
70	12	0.15260355985670868	0.5481009554201791	3.0373665419912514	
70	13	0.18772068273896703	0.52131212816441	3.2480754804422443	
70	14	0.21144346800943886	0.5121884811197569	3.4854736403925894	
70	15	0.2557992922953692	0.49114117095930826	3.8685435936251196	
70	16	0.2743233291677112	0.48512232362219576	4.0382777210490435	
70	17	0.28589015698920206	0.4784124203738201	4.075161115554719	
70	18	0.3411028295523196	0.43872994164848933	4.319075959723692	
70	19	0.3802451016963334	0.5231886449483439	5.2595238878040025	
73	10	0.1391230367160877	0.5119955191218992	2.856306878731302	
73	11	0.18352349476948168	0.4796143139016556	3.1497855467683222	
73	12	0.2129271139002515	0.4689047304976977	3.449037185152248	
73	13	0.2653052952042582	0.4463164225013615	3.903574349342111	
73	14	0.28161913287301377	0.4447313090602198	4.057098170533339	
73	15	0.2915244933013016	0.44069273898329037	4.070083121962866	
73	16	0.33148080121483636	0.41875109875101396	4.1896720788783295	
73	17	0.3622522572485821	0.5263633485710058	5.133179565744135	
74	10	0.19429277145484158	0.44522236775839613	3.167084407342902	
74	11	0.226489517391045	0.4345399489416589	3.4894280001332363	
74	12	0.282491439985254	0.4126667746574849	3.9649939313472253	
74	13	0.2975434793670241	0.41334355686196994	4.107009643968802	
74	14	0.3072118384919016	0.41023213287080457	4.111634537812576	
74	15	0.34269016400705826	0.3944510635375517	4.185180201815477	
74	16	0.3535160824575947	0.5269624738267188	5.031922516677906	
74	17	0.3548153251609678	0.5529866555906332	4.875482634197589	
80	10	0.2533582287949195	0.3057447687805436	2.8738155341472416	
80	11	0.2945144661729144	0.307747326321918	3.066999866622173	
80	12	0.2146860969011021	0.6029580376797817	3.641116705008108	
80	13	0.24228914029613782	0.6159417699714277	3.7922554504793804	
80	14	0.2517491450151534	0.611196319849372	3.861629562828524	
80	15	0.25484581573000636	0.6173223130212356	3.9250724292856556	
82	10	0.2982181584877961	0.2722685997690521	2.9600317500065043	
82	11	0.1876076718364258	0.6145868635204462	3.3939375766927227	
82	12	0.22068242482898237	0.6252379236515577	3.6063940608376117	
82	13	0.23105025411592484	0.6199322057486902	3.6858910940769825	
82	14	0.2350727269239129	0.6257852437204011	3.758440344728873	
83	10	0.28267133958407265	0.2691175157564051	2.8600332004125866	
83	11	0.17801454502125427	0.619960232958397	3.333487018647864	
83	12	0.2139283487267813	0.6283241164784192	3.5685702638253343	
83	13	0.224665116341715	0.622727643484332	3.651851024245165	
83	14	0.22904391312721015	0.628440982361483	3.727728996256467	
85	10	0.1706258255655133	0.6217253523855175	3.349229652300482	
85	11	0.21072478474703932	0.625820614122613	3.5964396618376377	
85	12	0.22206811230526607	0.6196970294822088	3.684502701183779	
85	13	0.22692233835507702	0.6252059185752643	3.7643502893611887	
85	14	0.25495666289735003	0.6959701775508155	4.525059981690491	
86	10	0.169928885637907	0.6103710850065293	3.318256509030544	
86	11	0.21288778678872172	0.6136050457408989	3.58378452427867	
86	12	0.22469594335516388	0.6073432563756606	3.675444614110854	
86	13	0.22984344615888552	0.6128818126410914	3.758357803536152	
86	14	0.2592782534578431	0.6845160009714524	4.5385652536739896	
86	15	0.2641103345556085	0.6839632813233659	4.581317601340784	
88	10	0.1603145542891714	0.5990163955673662	3.2092364097063664	
88	11	0.21049102308765003	0.5985989536679823	3.5308837492231304	
88	12	0.22332845173425592	0.5918879074901877	3.6316292397334586	
88	13	0.22923118316372298	0.5973515773373819	3.7223068491560722	
88	14	0.2628080139725307	0.6696174958427439	4.552100699639127	
88	15	0.26772379349629044	0.6692457132762055	4.595002844576505	
88	16	0.27129008467120275	0.6663763656112972	4.584878906235831	
88	17	0.27393253230986564	0.6637665884294256	4.559957260412978	
89	10	0.14627733490409958	0.600249900223473	3.0455297151638816	
89	11	0.20224621216799235	0.5966563254731153	3.435147483925904	
89	12	0.21578639811051076	0.5896053595267411	3.5437522430745103	
89	13	0.22231797716553398	0.5949398572701666	3.6412973288448622	
89	14	0.25971751418522415	0.6668969326271065	4.514403450318791	
89	15	0.2647374221744744	0.6665902798410204	4.558481974734949	
89	16	0.26845881177074526	0.6635953332865341	4.548954347662599	
89	17	0.2712198856500813	0.6608769562318033	4.524175983124942	
90	10	0.13129524750579863	0.6119062186083383	2.9374026963704614	
90	11	0.1923207172438441	0.6031209852871943	3.3815697055707115	
90	12	0.20641672142327094	0.5955606985113691	3.496932070227371	
90	13	0.21350996779359274	0.600620109977474	3.6002517652383865	
90	14	0.2545655293948636	0.6711129712383316	4.509749922861609	
90	15	0.2597758076824415	0.6706334773538632	4.5550153924707715	
90	16	0.2636375569145161	0.6674172780706069	4.545293863219247	
90	17	0.2665114074599686	0.6644968681677277	4.519898315925934	
90	18	0.2752571397339978	0.6530826750435108	4.470803525736749	
93	10	0.10489040896158348	0.6297195696145808	2.8117992324787164	
93	11	0.17971054979796355	0.6044371524089643	3.3728326219446365	
93	12	0.195440417365706	0.5953928059045275	3.5050913756609905	
93	13	0.2039140587401433	0.5997682074251008	3.6221292403378453	
93	14	0.25303667426439264	0.6672837401307214	4.612553220054196	
93	15	0.2586337905143573	0.6664492834797269	4.657899016214362	
93	16	0.262823732577351	0.6626805372138799	4.644046424735603	
93	17	0.26593946184724443	0.6592755724605529	4.613256066853437	
93	18	0.27496864242332214	0.6471044246515814	4.552837237112506	
93	19	0.27856229772958035	0.6430879611695911	4.527633478009938	
93	20	0.2820976654092135	0.6436221376952933	4.551778331553666	
93	21	0.28150423038304984	0.6484816488587332	4.543304836657599	
105	10	0.42195237558077175	0.2071186948720166	3.8992496415471116	
105	11	0.22633656986857165	0.5386723597774274	3.71139062491553	
105	12	0.21997736161012157	0.5561288825061911	3.6736193290953016	
105	13	0.22303843558790226	0.5564238164264154	3.650760715873481	
105	14	0.22743921845781478	0.5537726075104931	3.6277518348761166	
105	15	0.24148818669537078	0.5400240586322169	3.599269862567251	
105	16	0.24686036360146396	0.5362726848096381	3.5873112159327833	
105	17	0.24898000755804603	0.5424663576610294	3.6156821959743537	
105	18	0.2487330463540976	0.5500054029807723	3.6197622041689694	
105	19	0.2676962889179355	0.5687227884674863	3.884868311207912	
105	20	0.2710071375140032	0.5740428735802631	3.9390264528040717	
105	21	0.2758597517437907	0.577476983475208	4.003439127718951	
105	22	0.27009575875556624	0.5926536991507947	4.00139640176093	
105	23	0.27483847177675796	0.6095745454317703	4.105498466140926	
105	24	0.2862791178838741	0.6051204342576859	4.217639449173405	
105	25	0.29487673025465194	0.6012578861186395	4.285468160817045	
113	10	0.08800381705105334	0.6262872127753335	2.5451963039870344	
113	11	0.08992075318600369	0.6391693090192614	2.5794268794968884	
113	12	0.09886352973356294	0.6318444146933357	2.6266700549885447	
113	13	0.1083114203484272	0.6219898091328413	2.663662569999115	
113	14	0.13101868627168686	0.5948713541577625	2.7414507669425485	
113	15	0.14059352806934888	0.5860704489295034	2.7743244639233287	
113	16	0.1484227798045513	0.5893164377873117	2.8604706438817855	
113	17	0.15289109826445457	0.5944009781188742	2.9060163128641614	
113	18	0.19229441132439343	0.6038979737625969	3.3874569358167874	
113	19	0.19962189221108986	0.6074446506195942	3.480391395837143	
113	20	0.2083707255923964	0.6090249751398539	3.583760531268922	
113	21	0.20531498758336816	0.623763024740552	3.5972292334574103	
113	22	0.21843283805463273	0.6367117970661358	3.7718536739165747	
113	23	0.23342511490337672	0.6301524570905793	3.925018621828435	
113	24	0.24474971007481075	0.6243725425248374	4.0197902913091195	
113	25	0.25314062159853606	0.6916130742342887	4.49055361815583	
114	10	0.08351809836116686	0.6205160609393026	2.5099794906889876	
114	11	0.08626507353701968	0.6327520546154103	2.5505234644142907	
114	12	0.09602401835236185	0.624251732841023	2.6041121889876506	
114	13	0.1062046687223605	0.6133601088769842	2.645685502515307	
114	14	0.13032235955722704	0.5844676664280746	2.7310565215765767	
114	15	0.14050465273578347	0.575100103289721	2.766634464940304	
114	16	0.14895896575631062	0.5781475504031227	2.8583004199673616	
114	17	0.15385739624926836	0.5831115276014978	2.9064969713911926	
114	18	0.19547550114280332	0.5921467267676931	3.409733848339114	
114	19	0.20316936720620546	0.5956447288903548	3.50574036983019	
114	20	0.21230042191685827	0.5971555400416438	3.612360340685528	
114	21	0.20925654341398436	0.6120402120985133	3.625223788987278	
114	22	0.22297121019975136	0.6249603975459834	3.8030853416270416	
114	23	0.23841754522283612	0.618257832879103	3.9604548604925185	
114	24	0.25007118121953337	0.6123587493821766	4.057204365194458	
114	25	0.2568703865399016	0.6826421542047126	4.519940392818672	
115	10	0.08753276341753213	0.6096064644011581	2.523864889254662	
115	11	0.09836621581644889	0.6003364594078604	2.5847488216739642	
115	12	0.10952966743288353	0.5887956223264607	2.6314001917518404	
115	13	0.135623518273452	0.5588408812065851	2.7249098993548797	
115	14	0.14661467891783295	0.5492504435063152	2.763269480336184	
115	15	0.15578423208724945	0.552448739253861	2.8608748680433256	
115	16	0.16111091446917622	0.5576202360039235	2.9117550698358836	
115	17	0.20526135118082853	0.567283393459459	3.4379539478110153	
115	18	0.21332641704020897	0.5709653981657843	3.5370416347176543	
115	19	0.22286838857129074	0.5726235569368325	3.646936298317405	
115	20	0.2196426824830584	0.587872069959067	3.6588949895043363	
115	21	0.23383703605383396	0.6013175238086661	3.8396022761401154	
115	22	0.24985520373167544	0.5946298166267238	4.001287705684733	
115	23	0.26191204172863675	0.5887629483147306	4.099965230356052	
115	24	0.2615522534864198	0.6690115123177857	4.520601458991219	
115	25	0.26519320400105306	0.6732681381187868	4.488887028144536	
124	10	0.3937572465811209	0.23443735238057672	3.6039051171783663	
124	11	0.3970071843224681	0.24792137463258482	3.7219587700758203	
124	12	0.39664892634044824	0.262728928361186	3.811498820643485	
124	13	0.3770974430772549	0.28934328977307305	3.7827494890078572	
124	14	0.3569063105514038	0.340624766475111	3.8242832476624704	
124	15	0.35539488081277487	0.3559774894510087	3.895974972091397	
124	16	0.3501439979130571	0.37031037803252476	3.8942357481607113	
124	17	0.22864585539626958	0.5950221016099754	3.691150454882359	
124	18	0.230935927211134	0.6073302210846587	3.6730890887061007	
124	19	0.2560779130844489	0.6523166270349229	4.19398177577717	
124	20	0.2658858676569567	0.6456271390475768	4.2150417935082025	
125	10	0.3719642982064898	0.23082631929982467	3.3927882485539267	
125	11	0.37548959009877075	0.24588840956756405	3.523139967598052	
125	12	0.37378058525766517	0.2629988335662742	3.6129002753881143	
125	13	0.3550805301320366	0.2903490144987667	3.5930369155760493	
125	14	0.33680003108856327	0.34357033172913026	3.655771820132237	
125	15	0.3355044930121733	0.359915453141846	3.7324051251507138	
125	16	0.3301332241805771	0.37514716325908876	3.731469574246018	
125	17	0.21440455645282588	0.6015181485949118	3.563106991123974	
125	18	0.21801108319869553	0.613080908250096	3.557668691805409	
125	19	0.24676226167537382	0.656985594957182	4.1153775280114235	
125	20	0.25706070864543074	0.6498724886300893	4.141072877905863	
126	10	0.34776840456858393	0.23527159302027922	3.2931709807171266	
126	11	0.3520497296585282	0.2514874549959522	3.4302203393639754	
126	12	0.34851298340227094	0.2710824331289747	3.508032349386648	
126	13	0.3311251654132396	0.2990872505773891	3.489846432122456	
126	14	0.31482956956471025	0.3540907580760411	3.5563658930844277	
126	15	0.31434243161523545	0.37088239800868916	3.6378325834392187	
126	16	0.3095839334226768	0.3863648107233262	3.6382140117285777	
126	17	0.20067661568294656	0.6134914837453572	3.488825349091517	
126	18	0.20543993630275767	0.6240051654217654	3.4911515716196284	
126	19	0.23726002905975366	0.6663080558327813	4.078058592686256	
126	20	0.24794741326678435	0.6586473885337305	4.10642491484052	
127	10	0.31720272087239176	0.2652136294017958	3.292707088191963	
127	11	0.31615462836270264	0.2852126677393053	3.381612811037778	
127	12	0.30166828642197746	0.31325352651876465	3.371526066906189	
127	13	0.29134548581906383	0.36756159895069496	3.4637444001047073	
127	14	0.29256508932914543	0.3841172888576524	3.5555283817355927	
127	15	0.2890305333783562	0.39934098245690547	3.560395820052284	
127	16	0.18729011061741235	0.6268688281970711	3.427438829071537	
127	17	0.1931784821067476	0.6361751624676018	3.4366719323565413	
127	18	0.22795100297964405	0.6766383465579894	4.052053792371871	
127	19	0.23900969468240885	0.6683682547291415	4.082649402536131	
129	10	0.2593654805090704	0.3370279402508652	3.3133296406878756	
129	11	0.25892694997621907	0.38908333517548555	3.432778064015176	
129	12	0.26289737603140034	0.4049959181416484	3.53977551432978	
129	13	0.2612520800999453	0.4195832378722275	3.5462509010741257	
129	14	0.16941143469273603	0.648325378911686	3.405696754048193	
129	15	0.1770168974946599	0.6551260664493354	3.4182775545629345	
129	16	0.21631445149370543	0.6919438267818852	4.076143704406724	
129	17	0.2279636119907626	0.6824585695787074	4.107121297932309	
130	10	0.24669171864004152	0.3959166419261348	3.4403592073435756	
130	11	0.25194055386558917	0.41149849885411366	3.5549851726177932	
130	12	0.2511135841270109	0.4257664814559321	3.5608235394746126	
130	13	0.16294488545507027	0.6555124445713518	3.408715904543802	
130	14	0.17135515430365675	0.6610533676463577	3.4214435112282024	
130	15	0.21279622201655138	0.6961508793698159	4.099816104822217	
130	16	0.22474288316060803	0.6860798260787756	4.130297660283644	
131	10	0.23787252866438188	0.3891987410441133	3.369506175144545	
131	11	0.2446238047730948	0.4048381805117754	3.4994459157281743	
131	12	0.24460895617344244	0.41913472593654927	3.509918665250609	
131	13	0.15867548904596937	0.6518315713492037	3.3679967320245203	
131	14	0.16811387401373967	0.6565690429101593	3.3865889088305736	
131	15	0.21235573860685794	0.690820590198997	4.095705494878036	
131	16	0.2247320135314847	0.6803581372204365	4.127396160990629	
132	10	0.22277623269784647	0.3879831796616889	3.2601109082702884	
132	11	0.23167551956599	0.40342306382326454	3.4116510515466705	
132	12	0.23292877671995002	0.4175225362533077	3.4302530598132086	
132	13	0.15158634751580527	0.6524156160438721	3.310186279746001	
132	14	0.16225061425081466	0.6560139193385657	3.337506797984551	
132	15	0.20971338128758205	0.6889283463085066	4.082922110419165	
132	16	0.22255188982828747	0.6779619296022741	4.116459560168691	
132	17	0.2687559001592117	0.6815134221666517	4.6487931966275164	
136	10	0.1399948049093121	0.6109115976760998	3.0902631315016196	
136	11	0.15649147385002157	0.6114837700043169	3.160308666682156	
136	12	0.21866154472562316	0.6427156850172923	4.074479834883531	
136	13	0.23373862545283097	0.6304979099639689	4.113579515791121	
136	14	0.28769717801342937	0.6329583311250104	4.707405388797591	
136	15	0.30779456199947813	0.6143013216264361	4.679138815536299	
137	10	0.14086270515102103	0.5945941800555444	3.073782828819751	
137	11	0.15895311343078003	0.5945572036498004	3.150856959886002	
137	12	0.22486741804081847	0.6259310835367956	4.105838543983095	
137	13	0.24053216724774	0.6135052681790404	4.1440180985037705	
137	14	0.2962127158095155	0.6161527420706013	4.748145882203353	
137	15	0.316805769038444	0.5974446105133011	4.714846977911215	
138	10	0.13328165586459598	0.5863702267412049	2.9648438434680435	
138	11	0.15385406501356183	0.5849493528303294	3.0671611407783415	
138	12	0.22530770402442662	0.6154693597499511	4.0889210827369995	
138	13	0.24171442216817127	0.6026301331274023	4.129872912971292	
138	14	0.29995934863275936	0.6048573612147854	4.755726859574908	
138	15	0.321202286749659	0.58586909157402	4.720708418417184	
139	10	0.12637768841364524	0.5757700678730772	2.8566674328940085	
139	11	0.14973088321376665	0.5729294830043672	2.987441105172062	
139	12	0.22709750335486373	0.6028299462896678	4.080538454109005	
139	13	0.2442719554199205	0.5896374908725406	4.123629372607398	
139	14	0.305099384740412	0.5916395891788784	4.770569450874332	
139	15	0.3270017128749175	0.5724431939254955	4.732929097127951	
142	10	0.1394267601945547	0.5353893341685263	2.8076277797552702	
142	11	0.23471320513754187	0.5648342075635517	4.120998321746497	
142	12	0.2525362985683085	0.5523163327548977	4.150616875419123	
142	13	0.3212575045258215	0.5535200365542493	4.8556279002434515	
142	14	0.345174648733971	0.5335782351151817	4.804255558056641	
142	15	0.4197144100953799	0.483723078421261	5.266685082877767	
143	10	0.13824360295598262	0.5137417175069018	2.7356879196653545	
143	11	0.23758052930976625	0.5482593298195896	4.110613467726456	
143	12	0.2541296701419501	0.5378325252946176	4.12351697761739	
143	13	0.3262670797665745	0.5392207918937011	4.859280549432271	
143	14	0.3510710355350193	0.5190881052598773	4.8058461528671605	
143	15	0.4278357019407906	0.46892562234878016	5.280187476334983	
143	16	0.4424723558425961	0.4563778170527472	5.334986172226074	
144	10	0.13879789504546064	0.49637564724260763	2.7347334819609164	
144	11	0.23736404477696543	0.5388645979159229	4.118122741837204	
144	12	0.2499054385607625	0.5329096601646524	4.089316459208195	
144	13	0.3255953216484152	0.533642220683281	4.857480207918426	
144	14	0.3513498350276879	0.5128575609472016	4.802554113508221	
144	15	0.43027292230803066	0.4618499221419692	5.290226982377237	
144	16	0.44524505461409003	0.44915755404702423	5.346180707331856	
144	17	0.46066081908331485	0.43659816875319124	5.412156235671142	
151	10	0.15900062627699474	0.4490501324181297	2.7283060717607697	
151	11	0.17873839263837366	0.44786240992454146	2.80673470324241	
151	12	0.2876434055417414	0.47674180687641254	4.088297284616511	
151	13	0.32681138061608256	0.4520467642471593	4.138781976537321	
151	14	0.43245141984071006	0.39780693966534814	4.856343699238945	
151	15	0.4515434203870459	0.38424279315900195	4.937752450042633	
151	16	0.4709106676640264	0.3710689453810118	5.028802950200821	
151	17	0.4853930270627234	0.3634143354159627	5.115158857082911	
151	18	0.4831640335153453	0.3699497243749997	5.10686255780827	
151	19	0.4655887055322411	0.39276595420456256	5.059175315702187	
151	20	0.4524454360675884	0.4100133460194863	5.000976239615757	
151	21	0.431535496169406	0.43963893899854317	4.906064236389493	
151	22	0.42090178023231517	0.45613085549075544	4.876199533734408	
154	10	0.2692449344386706	0.47722162782313565	4.073984836659658	
154	11	0.31026975608970203	0.451206497469247	4.105666931883415	
154	12	0.42515340025837695	0.393159262872187	4.898321052285782	
154	13	0.4457653015000658	0.37871586087513337	4.986893460457429	
154	14	0.46664853157668196	0.3647390639075623	5.085652205923246	
154	15	0.4823474532177201	0.35655363047878214	5.178690003036492	
154	16	0.4803256844336338	0.36309888627603276	5.167527639081132	
154	17	0.46221993070554157	0.3864898854959029	5.113452280245976	
154	18	0.44875923866025674	0.40408547466455313	5.04831112237677	
154	19	0.4275395084913204	0.4341872723022239	4.9425573181845674	
154	20	0.4168141653495071	0.45094647794040355	4.909184235403998	
154	21	0.4063596334565742	0.4662885494140888	4.857468067191836	
161	10	0.16518605961947677	0.4227053399770488	2.6240603451455438	
161	11	0.23878922409081063	0.39046147566049694	3.013870822500761	
161	12	0.3779710101717939	0.35440625134755366	4.144740768542256	
161	13	0.4021839440951278	0.34155674496595717	4.26822164294784	
161	14	0.4238139063139644	0.331414709386351	4.386427704496041	
161	15	0.43968885974586963	0.327167135400034	4.499331080980461	
161	16	0.4382039007902919	0.33519648182260553	4.503865202959285	
161	17	0.4185338979494811	0.3609508259138017	4.457507381647558	
161	18	0.404787035541793	0.3797180247333163	4.399730184368517	
161	19	0.384307694661734	0.41139283268181054	4.313775324142652	
161	20	0.37427374956237336	0.42900531678666	4.2940006063904175	
161	21	0.36424458458730696	0.44502316148137155	4.250717389293437	
161	22	0.32036440641471026	0.5178507217495365	4.150708129947707	
161	23	0.3088926634948009	0.5378481647437082	4.112446478340656	
161	24	0.3031787242651578	0.5487284133701354	4.07503097206921	
163	10	0.22733011657701957	0.38294955193041785	2.99993735732105	
163	11	0.3817080198657299	0.34199377249668733	4.2588823295036065	
163	12	0.40622678770856757	0.32954197355707016	4.379895092440788	
163	13	0.42373186595333046	0.3230583416050645	4.47088717431625	
163	14	0.4392124543726151	0.3196542736334175	4.581092885032705	
163	15	0.437238472684433	0.32827377356922627	4.578394482393261	
163	16	0.4168227488485714	0.35475535926941787	4.524168784774794	
163	17	0.4027322042065607	0.37389750306511765	4.458740403081074	
163	18	0.38198026489598935	0.4060563068933349	4.361602854522401	
163	19	0.37188978281450064	0.4239333018558201	4.3385905440996755	
163	20	0.36177528355423644	0.4401535335008299	4.290623039349557	
163	21	0.3174965705381737	0.5141079338950799	4.180299342794486	
163	22	0.3059909779041058	0.5343302840381448	4.138721571456633	
163	23	0.3003469178951138	0.5452148778873572	4.09824223869776	
163	24	0.3138086497645701	0.5487005056479713	4.056653113702206	
171	10	0.28541975913124845	0.27539243759607845	2.9734004922595605	
171	11	0.2916391786759954	0.2839546606450927	3.012657983037379	
171	12	0.2880749417433291	0.2994869526425252	3.0092227030537035	
171	13	0.28734870084498404	0.31633859309965295	3.0649553025042517	
171	14	0.2821977105295464	0.3341887884043787	3.072455134055865	
171	15	0.2655913967266117	0.3661088802528302	3.062258023111573	
171	16	0.2578511373471219	0.38639889818464784	3.0527404592392364	
171	17	0.24981543095008021	0.41909928028935683	3.067958931437248	
171	18	0.24626556718996157	0.43745679604443094	3.1032460431511706	
171	19	0.24108613410539875	0.4538670146713579	3.0978450199748315	
171	20	0.21124623521580976	0.5314143885090218	3.1046873807842035	
171	21	0.20357073764802938	0.552099649676464	3.094064979026838	
171	22	0.20115452639493261	0.5623435703953475	3.0824181216116817	
171	23	0.23324717231493436	0.5571657745366848	3.2267073799190666	
171	24	0.2396936301821535	0.5593478714533943	3.295962147545399	
171	25	0.24015141422811526	0.5658777336525295	3.3131857121553994	
175	10	0.2208126122786553	0.3476133799945892	2.829498757519026	
175	11	0.20962370548589362	0.3809679469212729	2.8376800375027718	
175	12	0.2062609416088841	0.40103082087283687	2.843704698248144	
175	13	0.20569362261101112	0.43257064646840826	2.893133545614981	
175	14	0.20563936926462742	0.4506806988906122	2.949485564060447	
175	15	0.2029739396378259	0.46669750498646184	2.952344307940907	
175	16	0.1798519017483037	0.5455819975853915	2.9836009108470525	
175	17	0.17381479433272848	0.5662347294148454	2.976908344757987	
175	18	0.1727588622661494	0.5757003744144472	2.9686219221117334	
175	19	0.21251886814772247	0.5634008118498257	3.1595754106780665	
175	20	0.2203865475942593	0.5648621896937545	3.2411212868613766	
175	21	0.22177720096065764	0.5709433380424079	3.2626115797158026	
181	10	0.20368324346018168	0.3670171954057383	2.753861081963204	
181	11	0.18271782818689541	0.45794881633563234	2.8453354845988477	
181	12	0.17744552401266603	0.48094997849541304	2.8456504624058043	
181	13	0.17802333661877187	0.4909492340269369	2.842799944330776	
181	14	0.23521055275624558	0.47499746386843567	3.1242607021123923	
181	15	0.24589864989385077	0.47658153597737174	3.229651576507021	
181	16	0.24824038752926827	0.48325692899624945	3.2572467156737854	
181	17	0.33402041582674175	0.49296251594199675	4.048508891109712	
181	18	0.34307017057248185	0.4879504557337909	4.088820229448093	
181	19	0.351720613193168	0.4844909574647876	4.14101340005696	
181	20	0.3675122671843663	0.47182340503018577	4.1523392279116935	
181	21	0.37748843756699524	0.46351406125978206	4.169079722293107	
182	10	0.1771186024527321	0.4527537559199007	2.81990630032141	
182	11	0.17243207144644626	0.4759254378359759	2.822201511192461	
182	12	0.17358443859622918	0.4857163512950338	2.820822299177555	
182	13	0.23460133292001842	0.4676691541643565	3.1229493868890157	
182	14	0.2458901810316957	0.4691309663691469	3.233421317836706	
182	15	0.24850227925899973	0.47579233015548095	3.2620994295759687	
182	16	0.33763672419956164	0.4848531112868954	4.075721663808149	
182	17	0.34691338740977273	0.4797522719574571	4.116418253917053	
182	18	0.35577566797201765	0.47622783195093404	4.1693141423812845	
182	19	0.3719271367375714	0.46338910881734297	4.179416303503628	
182	20	0.3821214156621847	0.4549847461385222	4.195884782420855	
182	21	0.39416603020363616	0.4451600261029807	4.225112743644058	
183	10	0.17510155937735725	0.4419930318381253	2.8156325683548924	
183	11	0.1708171571966167	0.46550377886524136	2.818474962751368	
183	12	0.17247720054202434	0.47519857747347416	2.8172762909400535	
183	13	0.23756768824847901	0.4555318879672854	3.136424592744879	
183	14	0.24945970926126565	0.4569530675776721	3.251746359575352	
183	15	0.25227171415687344	0.4636846932779784	3.28091747437856	
183	16	0.34451039936877664	0.47274924230260706	4.113496659961272	
183	17	0.35401816847643625	0.4676017143782677	4.154281782774376	
183	18	0.36308663269507085	0.46405372843090376	4.2076197975828045	
183	19	0.3796184509237872	0.4511198489444508	4.215874481142941	
183	20	0.3900531311954143	0.4426558391945322	4.231802697460027	
183	21	0.4023808082790158	0.4327634316446187	4.260854602897034	
183	22	0.4161738040830779	0.4219213996347183	4.301050569641605	
184	10	0.17618221408956222	0.4232182346746189	2.8066620811053036	
184	11	0.17215237547942355	0.447372558507694	2.8105759745279477	
184	12	0.17431797020220238	0.4571917485509677	2.8099354176532985	
184	13	0.24426857729187934	0.4368111824035728	3.1492611007149747	
184	14	0.25683421136417867	0.4383254174962004	3.269976825366675	
184	15	0.2597877269916938	0.44526006522184697	3.299694970545327	
184	16	0.3551676679276969	0.45532057985351865	4.152468138830852	
184	17	0.36493335298411733	0.4501891209895421	4.193309932799453	
184	18	0.3742212674507096	0.44667863577534106	4.24708155937009	
184	19	0.3911920728001599	0.4337618196744864	4.253317122015308	
184	20	0.40191441749514356	0.4252902860341707	4.268647710638242	
184	21	0.4145856336566639	0.41537988841670737	4.297488946982995	
184	22	0.4287608744767114	0.40451492233616343	4.337778540831126	
184	23	0.4537721332329013	0.3861282543632224	4.459906181175522	
185	10	0.16943701597202473	0.43356904159686566	2.7799696927468123	
185	11	0.17239271549732718	0.4433251264129506	2.7820527026376607	
185	12	0.2481058225151851	0.42142157961743776	3.1511795687165813	
185	13	0.26146590418167404	0.4229594444237357	3.2784951281088626	
185	14	0.26465314678556595	0.43004246733765306	3.3093290444876806	
185	15	0.3637395196228131	0.44064451301294577	4.186992762446426	
185	16	0.37377966045153804	0.4354976911788685	4.228038301009379	
185	17	0.38330585010833207	0.4319959318769911	4.282404867566313	
185	18	0.4007321780402562	0.4190401936885726	4.286745879634031	
185	19	0.4117470495692621	0.41053442174933696	4.301559337478046	
185	20	0.4247646843889486	0.4005801479388096	4.330287153542174	
185	21	0.43932368461049404	0.3896673543909599	4.370778586922107	
185	22	0.4650285262289978	0.371165651110878	4.495250981917081	
185	23	0.4907363141911709	0.35367307666203696	4.631523708806359	
186	10	0.1729325249410088	0.4176092468867895	2.7076765880583666	
186	11	0.2565882389634818	0.3959973197572358	3.127763728894392	
186	12	0.27095708556287335	0.3978006362106644	3.263945709005207	
186	13	0.27432758397493123	0.40526511491594813	3.2973008253957814	
186	14	0.37757665486722286	0.41809410987499446	4.209758063131611	
186	15	0.38795396214838307	0.413035063187149	4.251412516258752	
186	16	0.39775781169705904	0.409641627377761	4.306777012074714	
186	17	0.4157620202131512	0.3968296150956999	4.309771456688085	
186	18	0.4271613411353321	0.3883742046447928	4.3243430068706425	
186	19	0.4406398921015901	0.37845704079225473	4.353237505895761	
186	20	0.45571159275971884	0.3675743343025137	4.394210198228159	
186	21	0.48236263842837523	0.3490299195670462	4.521405462994031	
186	22	0.508950771130192	0.3315217562141377	4.660512547290606	
187	10	0.2555641754374375	0.3825603649955357	3.0807249323359183	
187	11	0.2711960447067929	0.3843468456125276	3.2283580457185126	
187	12	0.27506249163472807	0.39194601131794715	3.2657684960387408	
187	13	0.3839077146821434	0.40513799134397294	4.223080052201437	
187	14	0.3946400200542142	0.40004618019670796	4.26570901275316	
187	15	0.4047569282188853	0.3966492011415454	4.322429868463132	
187	16	0.42332739303402417	0.38376803320632097	4.324531179684338	
187	17	0.43508025054695704	0.3752630577795518	4.339093418036122	
187	18	0.4489665081768635	0.36529162559138617	4.368371622836484	
187	19	0.46448241020247594	0.3543551494484571	4.4100278269254565	
187	20	0.4919328373632523	0.33568455671516023	4.540263399584702	
187	21	0.5192205482233179	0.3181225879012029	4.682291883084557	
187	22	0.5582541352378483	0.2929846970264689	4.842782519387555	
189	10	0.2685684795822927	0.34410967292749367	3.1009417116806435	
189	11	0.2865664921466724	0.3461740469721551	3.268218814078761	
189	12	0.29086360296682773	0.3543729296280459	3.307957778153478	
189	13	0.4073329267946638	0.37093939824369143	4.3177671855053275	
189	14	0.41868045308639706	0.36591166651724855	4.3599712414788065	
189	15	0.42921534058877175	0.3626906698698144	4.416929060919533	
189	16	0.4487956191371541	0.3499303773147467	4.4125341371875955	
189	17	0.46124876312095164	0.34143730247356713	4.425085661922421	
189	18	0.4758350113383511	0.3315702135694678	4.452702534744769	
189	19	0.4921124012905302	0.32075222609499177	4.493382403805143	
189	20	0.5211298673617923	0.3020550282916305	4.627817128248045	
189	21	0.5491241221656709	0.2850743069111313	4.771304463058674	
189	22	0.5899588946676347	0.26010887865229687	4.93422984525213	
189	23	0.600383645963541	0.2551513340693422	4.974324022454084	
189	24	0.6069505251464973	0.2535146240968992	5.01120280093239	
190	10	0.2774261201877097	0.3192071749803164	3.083951424851754	
190	11	0.29703548299650817	0.3216113425167471	3.265398773523042	
190	12	0.3015263544478745	0.3303175054601288	3.308175210935715	
190	13	0.4215029044128049	0.35052940577090186	4.35194741230961	
190	14	0.43319995272409034	0.34561019877499033	4.394291289684954	
190	15	0.44389783910731007	0.3426007892420313	4.451421293562425	
190	16	0.4640835184023768	0.33001073252953794	4.444242823896392	
190	17	0.4769572752177335	0.3215790309077965	4.456023858489046	
190	18	0.49185016908346796	0.31191371355552516	4.482472839990062	
190	19	0.5081880169786056	0.3015200876681499	4.521080337116956	
190	20	0.5375463724644212	0.283331527261354	4.655367811749266	
190	21	0.5632879888841225	0.2687199476024175	4.788480084749139	
190	22	0.6029814347946463	0.24552194568208827	4.945038669509555	
190	23	0.6133208874178132	0.24083693703582332	4.984683191914391	
190	24	0.6198769384457691	0.23931865213658773	5.022016928837136	
190	25	0.6120394797422958	0.2483765710730261	5.000177124921621	
191	10	0.28698929355778346	0.2972355922815998	3.1069067850853442	
191	11	0.30817684083380026	0.29992092532174186	3.3015519973782244	
191	12	0.312735855121432	0.3091028447158259	3.3448334477569905	
191	13	0.4318807596014099	0.3352106051534326	4.390449432060971	
191	14	0.44374627545626316	0.3304724424779286	4.4317844541521385	
191	15	0.45414494411438583	0.32797512618686875	4.486523234193823	
191	16	0.4748256986438658	0.3154976583368529	4.4757951937866896	
191	17	0.48800575718879935	0.3071345702685405	4.486295813859018	
191	18	0.5025007325668106	0.2981079096002462	4.508461432518942	
191	19	0.516714391242899	0.2896560427353552	4.535485921160386	
191	20	0.5431694047529336	0.27417796782241616	4.656575496023006	
191	21	0.5632908623037325	0.2641467061763313	4.766339869598106	
191	22	0.5956266335138236	0.24689980359460764	4.893812318077357	
191	23	0.6052801494416602	0.24290601787259233	4.931530796678812	
191	24	0.6120419484695522	0.2414218986284381	4.970646629395267	
191	25	0.6042923779355167	0.2505167853188297	4.949478817970676	
191	26	0.5993914204358042	0.2576932288624092	4.942800230838563	
194	10	0.40577385029734026	0.1968147124373271	3.453887204742339	
194	11	0.4846168140237721	0.26568715563863216	4.429110291618226	
194	12	0.4973537503155961	0.2618391011584422	4.47141009065625	
194	13	0.5078955195375014	0.2604407497665162	4.527898145668476	
194	14	0.5310728955649865	0.24881631862721018	4.511989206884584	
194	15	0.5460339520369287	0.2407741815689297	4.522059498988884	
194	16	0.5622544915243971	0.23218852931197187	4.544158710595193	
194	17	0.57707768472217	0.22480890664936407	4.5677244607128715	
194	18	0.6023649220883923	0.21251858646542	4.680204070372736	
194	19	0.6095061704682437	0.21251649691343175	4.739579665034765	
194	20	0.6094733998904266	0.21915579151300588	4.740846884345784	
194	21	0.6034175979593734	0.22658894882620126	4.720369329646459	
194	22	0.5999410161244207	0.23289462290120982	4.724570064427828	
194	23	0.5883328338347293	0.24489200732205182	4.693564313881049	
194	24	0.5813467671001563	0.2539192959700167	4.683881007162746	
194	25	0.56049047781085	0.2752746924622506	4.655321201881377	
195	10	0.4948000568860217	0.2501786615061826	4.421300412838713	
195	11	0.508106692177887	0.2464148694818922	4.465829166344557	
195	12	0.5190282075433637	0.24513823646082633	4.525053929184178	
195	13	0.5432366942332831	0.23358751123701077	4.508705043064268	
195	14	0.5588814859091977	0.22555313662094484	4.519306872865615	
195	15	0.5758245883442171	0.21697360181887457	4.542355507190923	
195	16	0.5912486501698079	0.20962542459332018	4.56683755756061	
195	17	0.6175508957937068	0.19733560330542044	4.683131198057138	
195	18	0.6242877385290637	0.19770753381277092	4.742940858929815	
195	19	0.6193170632106386	0.20746474423116415	4.727207054678472	
195	20	0.6085824078497177	0.21787857961440707	4.689886113921202	
195	21	0.5988486516879558	0.22843269136996464	4.671156811619288	
195	22	0.5844944202919142	0.2423193763285469	4.630757775607143	
195	23	0.5742841484378676	0.2537402092583038	4.609576132619122	
195	24	0.5523646303382015	0.2759699937470108	4.578384492731086	
196	10	0.49144685218783835	0.2463807486465099	4.407176326100267	
196	11	0.5055138641594201	0.24245932444543822	4.454568803125335	
196	12	0.5170860275364152	0.24108600057234567	4.5171266775723335	
196	13	0.5424243562502807	0.22921963364042344	4.50075252439826	
196	14	0.5587225928034727	0.2210156327091797	4.512126749637145	
196	15	0.5763425783209059	0.21227507698691797	4.536383169843293	
196	16	0.5923651371235069	0.20480038882861912	4.56203100115669	
196	17	0.619613250618749	0.1923346163314082	4.682746805401036	
196	18	0.6265161711467231	0.1927600255428034	4.744389559463186	
196	19	0.6194546894127518	0.2038888368142528	4.720368689224503	
196	20	0.6059028754578428	0.21610823847437222	4.6718447577829565	
196	21	0.5904626748932369	0.2305527427449836	4.630599335548455	
196	22	0.5736176551090246	0.2462946546596746	4.579866968771929	
196	23	0.5595834087793883	0.260652926592031	4.542950100613244	
196	24	0.5371793640898407	0.28362833624843276	4.509163798205532	
202	10	0.40038395752253425	0.27458037372909944	4.232772483791022	
202	11	0.4217219020571132	0.26772549360232784	4.311931793887621	
202	12	0.4402292317647826	0.26409131527196894	4.408809994798619	
202	13	0.47503269679211146	0.24725594827735298	4.399351435086482	
202	14	0.4961840791206671	0.23668954152712232	4.420144642626146	
202	15	0.5187080826945755	0.22576801800804042	4.456895593737516	
202	16	0.5392675701184819	0.2164680780974434	4.494191201687905	
202	17	0.5730758290427164	0.20185919218300383	4.652373336037601	
202	18	0.5833896440896853	0.20168504220143232	4.731497549155628	
202	19	0.5767604912703269	0.2140448511777262	4.691843133211976	
202	20	0.5617085706919291	0.2277902061159489	4.625251470988739	
202	21	0.5425357395329011	0.2454706866980999	4.558298870422798	
202	22	0.5252143779686537	0.2623602648480783	4.495209983155554	
202	23	0.5102200470537287	0.2783263528884049	4.445723379020817	
202	24	0.488245790914756	0.30243210888544614	4.407481230593226	
203	10	0.3893744767366027	0.2698129731689091	4.140291253752654	
203	11	0.41282240604812925	0.26248837971602057	4.232523480329727	
203	12	0.4331699493790789	0.25855205476087717	4.341952227921727	
203	13	0.4706612627666523	0.2410164977011145	4.340242080938028	
203	14	0.49324438357195666	0.23012615608516213	4.365734464769972	
203	15	0.5172119671122775	0.21891795838620973	4.407549124452157	
203	16	0.5390461068025952	0.20940351359936119	4.449403596059237	
203	17	0.5747906209082546	0.19450550089883398	4.61772091782778	
203	18	0.5857026272971612	0.1943492732987522	4.702234531572608	
203	19	0.578814453455691	0.20697989059412533	4.663275530815763	
203	20	0.5631416846411064	0.2209707069515622	4.595046598028666	
203	21	0.5432345241712423	0.23895359193982002	4.5264810719523565	
203	22	0.5253555096291495	0.2560954145888522	4.462166822711665	
203	23	0.5099383316686985	0.2722913671036448	4.411993648745247	
203	24	0.48741342752956046	0.29671361126009654	4.373577432957477	
203	25	0.42186364389152914	0.4394234903641974	4.651379166978054	
204	10	0.3745884623252831	0.26871372327522697	4.06146350566182	
204	11	0.40037790086203046	0.26070223775077017	4.1678626258974125	
204	12	0.42278560345151517	0.25629931706022135	4.2906446400326494	
204	13	0.46313332254259443	0.23778581813603264	4.295636718751999	
204	14	0.487196283217223	0.2264576787462951	4.325509242632385	
204	15	0.5126443849389921	0.21486373346230056	4.372149086697155	
204	16	0.5357929000783316	0.20505094934006246	4.418294728044654	
204	17	0.5734935361909866	0.1897808472970234	4.597101423731708	
204	18	0.5851102130835634	0.18958766137204755	4.686859013785477	
204	19	0.578209947617884	0.20239723338969917	4.64749716250329	
204	20	0.5620689376053678	0.2165994219511637	4.576977818957861	
204	21	0.5416105601702615	0.23484392393316225	4.506285317089657	
204	22	0.5233168100077149	0.25221126435721447	4.440202899071217	
204	23	0.5076140566478025	0.26860290755402694	4.388932994110048	
204	24	0.484694564782631	0.2933225743860736	4.349945588213438	
204	25	0.42006565788159667	0.43698808310828924	4.64188740696272	
204	26	0.41753024225109997	0.4475313297688951	4.684772131651779	
215	10	0.4596011057491391	0.16538763792100616	3.3782496610848356	
215	11	0.4402560621332479	0.18380009771316957	3.336556641005769	
215	12	0.41705556710792474	0.20632654492727082	3.296545407140686	
215	13	0.3989614168623746	0.22684713571295567	3.264551563890764	
215	14	0.38544796848290497	0.24580953583782467	3.253694940782801	
215	15	0.3637975250043371	0.2747447322126463	3.2587862669001426	
215	16	0.35618908000163724	0.42770213466257945	4.112491188038523	
215	17	0.3572211355604308	0.4385356463095889	4.190240414918667	
215	18	0.355200954966201	0.4536980758688035	4.270500980060799	
215	19	0.3349775125076743	0.5185480284183621	4.42257063427085	
215	20	0.3213683253706282	0.5422892867442055	4.387103545431942	
215	21	0.3092811175331009	0.5634580361262358	4.34556586825508	
215	22	0.3011664475121376	0.5833812160152331	4.25668152687869	
215	23	0.3058591003046548	0.581297920630914	4.269856045663384	
216	10	0.4195596433352437	0.17211872939003225	3.1625536277296025	
216	11	0.4034917389036756	0.19061860100062242	3.136365328571676	
216	12	0.38323114592182844	0.2133333691647085	3.1096379490227544	
216	13	0.3676961937574082	0.2339418243328207	3.089555748571242	
216	14	0.3565194360114034	0.25293046074141556	3.0904213721998444	
216	15	0.3372348328692263	0.2821504839017188	3.1067367136580484	
216	16	0.3438669731650328	0.43412235053906423	4.057586250457765	
216	17	0.3455550069053252	0.44485358755020243	4.1402320869429685	
216	18	0.34414558070143875	0.45999689184582765	4.225014069674697	
216	19	0.3256887096905738	0.5247758298638321	4.387336387320046	
216	20	0.31235540379866605	0.5485773030325573	4.351855813470636	
216	21	0.30051226040850326	0.5697710504552601	4.310131915825576	
216	22	0.2929675024482544	0.5893129424080528	4.221716558770718	
216	23	0.2978715051858334	0.5870297100880422	4.236157872429432	
217	10	0.3525068863486606	0.1995162853035514	2.805760793780211	
217	11	0.33717112264891924	0.2223133111842207	2.806621930276191	
217	12	0.3257069937884123	0.2429100269475517	2.810114742224158	
217	13	0.3180964108065523	0.26183231912001687	2.8325413393562644	
217	14	0.30239046630195016	0.2912830913692276	2.868441843530442	
217	15	0.3283160630409059	0.44169290297757174	3.962135954957215	
217	16	0.3308417921668671	0.45229635271231183	4.05157625545572	
217	17	0.33018657716548416	0.46743351317473875	4.142396166067085	
217	18	0.31400235603573534	0.5320778891829803	4.320286351685145	
217	19	0.30103859127332466	0.5559243393190398	4.285787207149293	
217	20	0.289519651412504	0.5771272395709157	4.244800206963942	
217	21	0.28269950883902956	0.5962256414369433	4.159372376011351	
217	22	0.2878618273832662	0.5937207698653433	4.175888956079989	
217	23	0.3015423335997685	0.5871448424887842	4.2549593010533755	
219	10	0.27868837917278366	0.2550889513640145	2.642772997750699	
219	11	0.27568364805288215	0.27391442967004737	2.684489855005422	
219	12	0.26434998835363793	0.30397450650126606	2.7387113593539376	
219	13	0.3136616540232327	0.45157052250835117	3.989543443909859	
219	14	0.3171407325652835	0.46193856080176887	4.085274473095024	
219	15	0.3173540342843867	0.47701084427481355	4.181890930090512	
219	16	0.3035513636397631	0.5414764125501098	4.3665073113156065	
219	17	0.29089825767328437	0.5654679171350244	4.328165377221739	
219	18	0.27965637906625385	0.5867379405064095	4.283166601885986	
219	19	0.27358294314048215	0.6050221652014639	4.189327911089801	
219	20	0.2790558550718965	0.6020875426206701	4.205932414788338	
219	21	0.2934225689626512	0.5946916080449866	4.287652821941051	
219	22	0.3039701485268549	0.5905378288725314	4.3870369099728235	
220	10	0.2571182607966727	0.2783127698629216	2.6284518953455818	
220	11	0.24793354624579392	0.3087172515700982	2.692696972910163	
220	12	0.30847060667521276	0.45478834663215945	4.023385708023725	
220	13	0.3123717828037188	0.4650424276652508	4.12179646047871	
220	14	0.31295427267939885	0.48009203823520635	4.220868124648036	
220	15	0.3001042460170304	0.5445138909971239	4.406488560739608	
220	16	0.2875399774015646	0.5685970702914115	4.365445658979422	
220	17	0.27638041864965435	0.5899162655053974	4.3177042224488345	
220	18	0.2706062721094109	0.6078022411207427	4.217882126932095	
220	19	0.27622587903273704	0.6046506776176284	4.234135167987296	
220	20	0.29092042988326644	0.5968429131292905	4.316558764692453	
220	21	0.30168135729815065	0.5924962196581662	4.4178476636610045	
220	22	0.31184298351545725	0.5931719340754392	4.514724240830728	
221	10	0.23355064552821816	0.3113334839883777	2.6563254076650438	
221	11	0.3050561052762082	0.4560406475571504	4.06937396409577	
221	12	0.30932692671390694	0.4662101319157007	4.170068708487007	
221	13	0.3101850680131781	0.48129879682261256	4.271015234408577	
221	14	0.2980813016146895	0.5457705313019825	4.455984795783922	
221	15	0.28554634789685684	0.5699692649977993	4.4117080440930465	
221	16	0.27441949588313164	0.5913582287972828	4.360725057829422	
221	17	0.2688881713366526	0.6088769949086125	4.253750291116013	
221	18	0.2746529533324864	0.6055144321674858	4.2694089337890855	
221	19	0.2896757339885284	0.5973075015274848	4.352171843615017	
221	20	0.300651745030256	0.5927746271501914	4.455285063797855	
221	21	0.31108816768466374	0.5932005349159833	4.552740629564029	
221	22	0.3029786694707161	0.61044548520565	4.540110523630499	
222	10	0.3025571956583289	0.4559583005137357	4.120995777466471	
222	11	0.30716559347268774	0.4660790007834397	4.223713060508691	
222	12	0.30819978465361	0.4813036201304532	4.325853435759351	
222	13	0.29675222433982634	0.5458962906430693	4.509252537267655	
222	14	0.2842145350329626	0.5702274590559371	4.4613624396758835	
222	15	0.2730942078005829	0.5916998781281506	4.406785194767472	
222	16	0.26778673769973416	0.6088614585566757	4.291902148274086	
222	17	0.2737033412058438	0.6052872068851467	4.306857876619708	
222	18	0.2890712395168965	0.5966815197433456	4.389852105953471	
222	19	0.30027402471316456	0.5919635254421853	4.494834824698699	
222	20	0.3109905797316458	0.5921471671420935	4.5927864844958135	
222	21	0.3028868126986533	0.6094462337528007	4.578770167950114	
223	10	0.30711301514053396	0.44509816892422055	4.179552775638818	
223	11	0.3118557444923666	0.45540883127617054	4.283865474327881	
223	12	0.3125815114498432	0.4712071613610433	4.38517685073642	
223	13	0.3008252353245219	0.5367223783095626	4.565113559289389	
223	14	0.28802245861548753	0.5613299742534575	4.513227356517087	
223	15	0.27669342201346886	0.5830186638775948	4.454707135707629	
223	16	0.2713980315969862	0.6001513373368184	4.331201913148958	
223	17	0.2774820615954208	0.5964600203399798	4.345372334715587	
223	18	0.29324776424798776	0.5876334850051441	4.428547285467704	
223	19	0.3047187244589106	0.5828142588836496	4.535479494945939	
223	20	0.31569885677610066	0.582918520972028	4.633893852512941	
223	21	0.30746521265703874	0.6003555049529711	4.6183876978077105	
224	10	0.3151053883075119	0.4289724874200686	4.24171896358324	
224	11	0.3192104186962887	0.44021252069037914	4.342579265063447	
224	12	0.31722456569569285	0.4588399432363497	4.426234482559174	
224	13	0.3038121950087376	0.5268934641808543	4.595466990170759	
224	14	0.290759585033292	0.5518049287080546	4.540260466537592	
224	15	0.279241085304367	0.57372935608641	4.478446640028076	
224	16	0.27404812274570456	0.5908504293148181	4.348224896717721	
224	17	0.28034661652340626	0.5870422668672577	4.362300163253236	
224	18	0.2966138613418308	0.5779966422716434	4.44701612719755	
224	19	0.3084192825856371	0.5730778317918168	4.556628191239323	
224	20	0.3197484724094786	0.573111591787703	4.656644751895985	
224	21	0.3113968567966669	0.5906983274285752	4.640075819457241	
226	10	0.32034133566478445	0.412094932744229	4.377231639465998	
226	11	0.3238538460314874	0.424551334638891	4.472899736256302	
226	12	0.3183661104881588	0.44702932354566405	4.530255657227514	
226	13	0.30158081516883545	0.5205440147737099	4.663276477263094	
226	14	0.288401705011855	0.5458944838802934	4.6001321362269545	
226	15	0.2768270220199947	0.5681063446843359	4.53065225195512	
226	16	0.2722348644344595	0.5845956689557762	4.384968516998248	
226	17	0.2789915229925446	0.5803562949670229	4.398736139451168	
226	18	0.2962976468434507	0.5705123322285665	4.486669325677776	
226	19	0.3087810273410664	0.5652310498409752	4.60206590741726	
226	20	0.32091081307094765	0.5648402019632128	4.705371962876372	
226	21	0.31251804955525064	0.5826185760526685	4.686394152780436	
226	22	0.2689650626952394	0.677874324297723	4.6629032800847705	
227	10	0.3118490807763553	0.41280395463737607	4.366604143647594	
227	11	0.3157718735075908	0.4255561021543769	4.465043523896939	
227	12	0.3097606165764983	0.4492268077548006	4.516851221871373	
227	13	0.2917505976441701	0.5261601112310458	4.632305910255959	
227	14	0.27892467944616617	0.5515889631566753	4.567515015806176	
227	15	0.2676768715414453	0.5737968049812212	4.496412032213555	
227	16	0.26391724454732823	0.5895154101967621	4.349061093681064	
227	17	0.27100595940687083	0.5849178538659673	4.36466744063324	
227	18	0.28903388514068096	0.5744162791458942	4.457980560714506	
227	19	0.30197426210723693	0.5688378355218738	4.578166950696564	
227	20	0.31474469925457316	0.5680359727597439	4.686141811212989	
227	21	0.3065406043544429	0.5858291278992765	4.667168007353599	
227	22	0.2637444278328976	0.6813642279040981	4.645105379472492	
228	10	0.29855664674902177	0.41551120245933665	4.29733860234469	
228	11	0.30361812045899866	0.4281772248295768	4.405706747250993	
228	12	0.2981606188110498	0.45231260766531867	4.461012598651363	
228	13	0.2781038458438092	0.534204411163258	4.553412923182311	
228	14	0.26576441343119395	0.5597288780969031	4.4885271364980515	
228	15	0.2550054174002701	0.5818842718390056	4.417679139955165	
228	16	0.2523678271025648	0.5966437249870792	4.273795881272225	
228	17	0.2598669658270015	0.5916258999066403	4.292889056437124	
228	18	0.2787789257464685	0.5803569726959568	4.394650688241556	
228	19	0.2922654604437442	0.5744442414640286	4.521077456635873	
228	20	0.3057829367334341	0.5732178490793974	4.635756413790201	
228	21	0.29786035328781957	0.5910025377292876	4.617735157948591	
228	22	0.2561944211557536	0.686743698176814	4.600456929909255	
229	10	0.27971002125021416	0.4228559528087908	4.185094923550645	
229	11	0.28644453931591757	0.43515705940437194	4.308733150367964	
229	12	0.282293395264447	0.459326694619017	4.373370952805093	
229	13	0.264508561840283	0.5423251038683768	4.476235833208376	
229	14	0.2527512188029945	0.5678534787922928	4.411741747232133	
229	15	0.24250968459733413	0.5899251473395122	4.341141139274043	
229	16	0.2410439455560223	0.6036169606942737	4.200796076061928	
229	17	0.2489698997585642	0.5981447418105765	4.223568294065384	
229	18	0.2687990280544737	0.5860522851055027	4.334228077659231	
229	19	0.28285635440383367	0.5797764651632283	4.467279259820566	
229	20	0.2971368518120358	0.5781023175699425	4.588856844842195	
229	21	0.2894950063339138	0.5958789122151317	4.571722273301231	
229	22	0.24894204224163302	0.6918485640388136	4.559010651700279	
230	10	0.2709510425047087	0.42060114179034175	4.1555192699194885	
230	11	0.2789795017214917	0.4327155741424832	4.290792912440421	
230	12	0.27560149848372073	0.4571004906919375	4.361002440335317	
230	13	0.25715711373624356	0.5432821982748866	4.448151421868815	
230	14	0.24558621063226793	0.5690501384362135	4.380655888863917	
230	15	0.23559826986163396	0.5911776871052115	4.307843946680849	
230	16	0.2349777840967698	0.6040855005607226	4.165459901876491	
230	17	0.2432989010273156	0.5982330716147588	4.190605939126613	
230	18	0.2639959159423105	0.5854550694961195	4.308008493191535	
230	19	0.27855155653871755	0.5789347443885714	4.446547638609173	
230	20	0.2929044398447176	0.5775971088607196	4.569110421155081	
230	21	0.2853639365445052	0.5954828885169007	4.551687189915217	
230	22	0.245275583040132	0.6920551756897559	4.539971686931931	
231	10	0.2642322893540159	0.40926755395438763	4.068277879396649	
231	11	0.27384569385300356	0.42144758159365625	4.221890021390641	
231	12	0.2712457081238664	0.4463097800982759	4.302519361055245	
231	13	0.25294287883673533	0.5354510700779108	4.39310672126073	
231	14	0.24145063805899897	0.5615767212810452	4.324413839161173	
231	15	0.23159469302731844	0.5839142526448214	4.25062313595338	
231	16	0.2318303155532281	0.5963986800858544	4.109480433099492	
231	17	0.24064167173631812	0.5902700114756998	4.138129779573564	
231	18	0.2624195731443434	0.5770070624763617	4.264391021908608	
231	19	0.27762571035559586	0.5703191370931914	4.409648694270754	
231	20	0.2919341686229183	0.5697359798953906	4.533085039337631	
231	21	0.28430700390575153	0.5879297470599546	4.515287634497049	
231	22	0.24375164323292792	0.6861286317771355	4.502734708074428	
242	10	0.13673195283324327	0.5117325241954113	2.6946322565874294	
242	11	0.15815806285957282	0.4992566514544313	2.8673247396245958	
242	12	0.20589349362427373	0.4759874951994596	3.274005931679748	
242	13	0.2363075597728403	0.46563017762917563	3.5894860003174114	
242	14	0.2637636038465959	0.46588339386598565	3.85218502097927	
242	15	0.2568704161483429	0.4876472581110583	3.8517513482557177	
242	16	0.21456104444291277	0.607424099478261	3.8853492094033055	
242	17	0.19829457151526542	0.7702138149640164	4.452549706228133	
242	18	0.20114561821545196	0.7806665615023701	4.513339671574588	
242	19	0.2061931966742758	0.783177022359895	4.596758069277738	
242	20	0.21537309038440375	0.7974167897386198	4.799695662657638	
242	21	0.21724495178479666	0.8016542206269452	4.840284073055232	
243	10	0.1432406869639671	0.4779242113661667	2.6774917201004746	
243	11	0.1670269584764897	0.4652061381843148	2.867441600050762	
243	12	0.21933870109330736	0.44184099685662703	3.30538716036935	
243	13	0.25225806686981417	0.4315726457885347	3.6411560658805677	
243	14	0.28130868022435807	0.43262663516920896	3.913800408946948	
243	15	0.2734195838244913	0.45527950164623326	3.909713629296354	
243	16	0.2272843056282651	0.5785889569323389	3.933837150175147	
243	17	0.20882636306074517	0.7463331940757184	4.496353847372856	
243	18	0.2108985253310172	0.7582197351278993	4.549531564694822	
243	19	0.2150871044172859	0.7621986106781661	4.626450619458881	
243	20	0.22420430438124866	0.7772583264309012	4.82947626570472	
243	21	0.22615026748459108	0.7815735146427432	4.8703327784048085	
244	10	0.18223388730404735	0.4198286075669377	2.8781043136070292	
244	11	0.24052363110071234	0.39718001503366757	3.3507631854510187	
244	12	0.2765957707226202	0.38736209504580954	3.708847499681895	
244	13	0.3071570779297802	0.38989995010615924	3.9905924815461016	
244	14	0.29749667478599195	0.413780104980878	3.9814430492244703	
244	15	0.24503959918680152	0.5417107792407383	3.9923772932828028	
244	16	0.22319818029059282	0.7154006622734983	4.549419742441946	
244	17	0.22495318766786082	0.7281299814565099	4.598706862412876	
244	18	0.22844531623700187	0.7333554239149422	4.670359032491373	
244	19	0.23704416307204973	0.7499253995924667	4.870052021387846	
244	20	0.23902040277376965	0.7544074128593488	4.910839693809434	
248	10	0.39540558495771533	0.2500039971515697	4.084348701923312	
248	11	0.37309814204373465	0.28084521211146624	4.049328023197819	
248	12	0.289156532756399	0.43049789369273345	4.029428161984674	
248	13	0.25486178721736585	0.630702255737153	4.603646984038354	
248	14	0.2569894891486063	0.644926956257546	4.653658897583246	
248	15	0.2597808465391566	0.6523484493421772	4.722465205301762	
248	16	0.26170408340697776	0.6808530965820078	4.87950939177318	
248	17	0.2616067545234747	0.6889244362214234	4.905580675970807	
248	18	0.2681291222321454	0.6897521944464969	4.882117546327304	
248	19	0.2795041248341624	0.6802887871761832	4.963595536335703	
249	10	0.38775515065033606	0.23514303039323747	3.894117545705682	
249	11	0.36380380268591056	0.26774722904174303	3.8665862914895084	
249	12	0.27985018892134633	0.42184990047369675	3.889825047050268	
249	13	0.2509891659020919	0.6247733072396808	4.538148722074226	
249	14	0.2538133280081691	0.6388769792451761	4.5948565354920525	
249	15	0.2569993378031633	0.6462604108978016	4.668167685137797	
249	16	0.25857779579314594	0.6763289329619006	4.825909781130782	
249	17	0.25647645217621434	0.6872309105305524	4.837488959500902	
249	18	0.2614060124852417	0.6905119067057524	4.802943890370323	
249	19	0.2730821257476816	0.680906279910504	4.888219475376291	
249	20	0.31061057228326205	0.6530390503364818	5.205839453637776	
250	10	0.32180739677082054	0.27394458285713164	3.484824988486511	
250	11	0.2515913438982111	0.4302427617494561	3.6156823748969162	
250	12	0.23682348285359195	0.6321573057242716	4.403669484533814	
250	13	0.24085059954638757	0.6457088098280277	4.472901844816279	
250	14	0.2446827592410853	0.6528516680984837	4.5534383444582325	
250	15	0.24752576991040964	0.6828240088421262	4.725235073454948	
250	16	0.2443102427223953	0.6955130906179403	4.728755804706151	
250	17	0.2485712390917869	0.7000221545577108	4.691266290203252	
250	18	0.2606242106237295	0.6900956798017178	4.781883601317312	
250	19	0.2993381184507394	0.661373775794121	5.1155435304438575	
250	20	0.3089552750248186	0.6532820596814657	5.172168164336381	
253	10	0.19139323020163365	0.4583713076800061	3.2338724290592284	
253	11	0.21026842152160954	0.6536822644664033	4.315928929714301	
253	12	0.2169064990163093	0.6652190929322718	4.401821048601519	
253	13	0.2221384926004433	0.671495114900818	4.495385281414127	
253	14	0.22833237386379893	0.6996530438873012	4.692353144138833	
253	15	0.2256252250805896	0.7122589016185904	4.6951863494017605	
253	16	0.23128403884915733	0.7148630534555752	4.65454804092615	
253	17	0.24422087140494303	0.7038512766881749	4.754771410505668	
253	18	0.2856461994722363	0.6722911359654482	5.119263717376903	
253	19	0.2959180000049867	0.6634094237032577	5.180466181968669	
253	20	0.2983242702467286	0.6626916453392528	5.166254571042303	
253	21	0.29988528722149216	0.6652618269007095	5.175061890021512	
254	10	0.1709776946897066	0.46907590357364026	3.1011382988764233	
254	11	0.20228143102203267	0.6607456771306207	4.303318998590896	
254	12	0.20981017177823877	0.6714571232972111	4.3942616089946105	
254	13	0.2155172173806675	0.6773840266991242	4.492222265710245	
254	14	0.22282654168358543	0.7048149648195393	4.69700810994735	
254	15	0.2202533684415686	0.7174042029884541	4.698792910566239	
254	16	0.2264044265257577	0.7192284829833031	4.6557736502785705	
254	17	0.23964150858199307	0.7078168029457599	4.759168640891352	
254	18	0.2819782700057629	0.6752286321680878	5.133904434611927	
254	19	0.2924617382752996	0.6660720596008114	5.196362306695501	
254	20	0.29499264590467905	0.6651724213205006	5.1812852579675415	
254	21	0.29668295491355445	0.6676165161786128	5.189827911142693	
254	22	0.29784712493666726	0.6694484147036723	5.125690108064003	
256	10	0.2017439916712196	0.652268325290058	4.401199927912296	
256	11	0.2105219606503177	0.6619514041769532	4.4914478127050765	
256	12	0.21692962293822024	0.6674787427165233	4.594105911116565	
256	13	0.22534472528706634	0.6946409465490028	4.800648286489153	
256	14	0.221002157105697	0.7096898813497848	4.781088729175539	
256	15	0.22632607254511428	0.7124548277057243	4.712341634109664	
256	16	0.2401573491271008	0.7004651507479688	4.820270718295005	
256	17	0.2841918675666875	0.6665686015302673	5.210280012405931	
256	18	0.2948447511776534	0.6573370982409857	5.271981957581625	
256	19	0.29747577644789486	0.6563134577611945	5.253065349553923	
256	20	0.29912901971733863	0.6588927667760992	5.258362574953426	
256	21	0.3002250423247019	0.6607623517200621	5.184875018286855	
256	22	0.30833914086569403	0.6602338319301283	5.24525104751788	
257	10	0.20626894803541107	0.6355051333988843	4.442825886981358	
257	11	0.21570756680669104	0.6451109248281788	4.53343946301251	
257	12	0.22250012095627605	0.650643525272429	4.639119314991026	
257	13	0.2311196409283819	0.6785799687932776	4.845030664967616	
257	14	0.22508268540616475	0.6959085670635299	4.807998957575333	
257	15	0.22995269443555905	0.6995671082236313	4.726484560971256	
257	16	0.24419311478764574	0.6874139932785069	4.837269378030699	
257	17	0.28932679988105364	0.6533058268885021	5.236038456444661	
257	18	0.30019152809002936	0.644065390136273	5.298105364647082	
257	19	0.30289963033577094	0.6430407266337024	5.277639803946234	
257	20	0.30456838491683236	0.6457180046215627	5.281878064562248	
257	21	0.3056779756616208	0.6476756386639774	5.204518007031403	
257	22	0.3137955337508248	0.6474489653572377	5.263722832024143	
257	23	0.33016317670872775	0.6309674171753721	5.361910757075919	
259	10	0.202344928990579	0.6222505174038583	4.462967693617854	
259	11	0.21387732220697808	0.6306017070791781	4.561855442721083	
259	12	0.22180064140875813	0.6356837710143378	4.67765717856503	
259	13	0.232168061116932	0.6636006925375553	4.893366903071802	
259	14	0.22533946054001225	0.6822301685599792	4.842146894169634	
259	15	0.23108187212203474	0.6850480604185035	4.747982844926839	
259	16	0.24621689452985068	0.6722679337486168	4.865980626067275	
259	17	0.29361504950855893	0.6371313233317935	5.2851106526733	
259	18	0.30500085936431764	0.627607460786028	5.348793873357846	
259	19	0.3079213168782163	0.626434382785363	5.325085812830312	
259	20	0.30965457726615914	0.6292241875219223	5.326892106301198	
259	21	0.31081042657808644	0.6312270855860415	5.240729108137876	
259	22	0.3174396946162269	0.6333303904199648	5.287056268578051	
259	23	0.33154714150425113	0.6200268381903111	5.3702861035720595	
259	24	0.34054425174786335	0.6141837055642492	5.435235014231497	
259	25	0.35251655408984045	0.6063407908523553	5.542548846135911	
260	10	0.19254633201979082	0.6200970188378917	4.352265026571468	
260	11	0.20595769803908745	0.6274145984125703	4.471155922962377	
260	12	0.21485414685976514	0.6321135394590116	4.599078556655541	
260	13	0.22702949859277233	0.6597152756640386	4.834932408467922	
260	14	0.22009299263821208	0.6788350733479169	4.780416291609855	
260	15	0.22672816497853063	0.6809342388644657	4.6892623759481	
260	16	0.2424364473000177	0.6677946078237721	4.813789599716582	
260	17	0.29080557490551595	0.6326991328359454	5.2464356815267905	
260	18	0.3023100200360514	0.6232779628913685	5.311237180324129	
260	19	0.3052809525423572	0.6221546686374853	5.286711098968897	
260	20	0.30640720239634295	0.6258635841360167	5.283671204504453	
260	21	0.30678620037528936	0.6289571751782681	5.189788365723993	
260	22	0.3091182182185399	0.6367392658637536	5.207274958081774	
260	23	0.3202433861941965	0.6272561362558824	5.272301517100164	
260	24	0.3258170287833811	0.6258104491085601	5.316467485486123	
260	25	0.33501452375663526	0.6216283243882043	5.408601596528225	
260	26	0.3382329532614055	0.6249493912570747	5.466552991796904	
264	10	0.18128970218907753	0.5400543179029349	3.948528110746343	
264	11	0.20438797102367307	0.5460809905399755	4.17381997678043	
264	12	0.2181449340355585	0.5506829119427264	4.36348557782105	
264	13	0.23690073902059058	0.5819562283045029	4.684088082617587	
264	14	0.22857011715341508	0.6040697659721903	4.612059565122175	
264	15	0.23853095289606918	0.6062439571069785	4.5236643893965525	
264	16	0.2571828782383219	0.5928082934612082	4.6742459894384	
264	17	0.3057613927657461	0.5666345179111502	5.118976066965881	
264	18	0.31622111394033514	0.5603647242393549	5.173825408546933	
264	19	0.31755535586246825	0.5620018458899229	5.131895121983404	
264	20	0.3129217723046978	0.5732554362065759	5.0859166003322684	
264	21	0.3087734790573937	0.5826964146464892	4.952730385472429	
264	22	0.29649957534245125	0.6097000920413003	4.872499684010426	
264	23	0.30152177769491895	0.6088820904114159	4.900283941048186	
264	24	0.30070948516713747	0.6163809816547529	4.9064242364409685	
264	25	0.30551380524502775	0.6192103777812028	4.977735289362893	
264	26	0.30789574560018246	0.625143582969129	5.037774250985894	
264	27	0.3348813512446734	0.6310561295688704	5.471350383094868	
274	10	0.16609354522646017	0.45270608841790594	2.878505209004158	
274	11	0.1955568786885172	0.4446581498571508	3.184000071193994	
274	12	0.23150590143144073	0.4698537368415003	3.665462056761038	
274	13	0.2492981586785302	0.4647312586067271	3.8112289485702986	
274	14	0.2550294982358819	0.46652421311267794	3.814916909236718	
274	15	0.25220444326742386	0.4807113805907315	3.801050729859069	
274	16	0.2541255067200808	0.48981656317545136	3.72873369175431	
274	17	0.245351928532168	0.5212535857866415	3.7113269732040983	
274	18	0.25466798065664586	0.5210875757516917	3.7908670982119443	
274	19	0.2544651043935096	0.5324582832758501	3.821199936562599	
274	20	0.25979345088618677	0.5409512615754581	3.9237334920537648	
274	21	0.26373908688397735	0.5509439748486141	4.021112941324796	
274	22	0.27644496238959637	0.5979143525774191	4.470310414456856	
274	23	0.27107377597001436	0.6176526889876526	4.511069966006466	
276	10	0.250674119811298	0.4199636587387912	3.7689464798127044	
276	11	0.2711120640360075	0.4147789175977797	3.929123068858545	
276	12	0.2774593198348337	0.41698614304807197	3.9249082825933206	
276	13	0.27390264027552214	0.43225014557102087	3.901856848426697	
276	14	0.27568691889154884	0.44239953144724947	3.809171937743841	
276	15	0.26543970699273095	0.47574088189606706	3.7814647880926286	
276	16	0.2756418581797405	0.4758150955824313	3.865451174544795	
276	17	0.27522981663551305	0.4878583852711979	3.8951187739625728	
276	18	0.2808902542791939	0.4968871443341559	4.003600943700149	
276	19	0.28499678578136495	0.5074426309503678	4.105951180697286	
276	20	0.2939426764695077	0.5609195451397767	4.5474362357152165	
276	21	0.28420165204438014	0.5857486593648354	4.5597517362856825	
277	10	0.2696390657246567	0.38182014954143323	3.8396109986210787	
277	11	0.2917446247269148	0.3770634319686758	4.007110987729727	
277	12	0.2981969604149399	0.37992254281099724	3.9965576710217587	
277	13	0.29360818204457895	0.39617656523671513	3.966735696861015	
277	14	0.2947373353181455	0.4075520124157243	3.8601473871405303	
277	15	0.28273953004793934	0.442488967018961	3.8252357783487634	
277	16	0.29338792540484193	0.44292684166833957	3.9113369170198973	
277	17	0.292577488498926	0.45555702687999733	3.9401865094696005	
277	18	0.2982329358060764	0.4650844922734135	4.051639496732231	
277	19	0.3022114293066163	0.476149432091064	4.156323231327154	
277	20	0.3019248963583745	0.5404159887744547	4.547178355272225	
277	21	0.2873793204335649	0.5706145852982596	4.527607608160177	
277	22	0.35973831994619204	0.5610592714095457	5.084173859494714	
